Kurbelwinkel	dQ1	dQ2	IntQ1	IntQ2	
Grad	kJ/m3Grd		kJ/m3		
-360,00	0,000		0,0		
-359,00	0,084		0,0		
-358,00	-0,264		-0,0		
-357,00	-0,475		-0,4		
-356,00	-0,260		-0,8		
-355,00	0,097		-0,9		
-354,00	0,014		-0,8		
-353,00	0,234		-0,7		
-352,00	0,725		-0,2		
-351,00	-0,238		0,0		
-350,00	-0,620		-0,4		
-349,00	-0,291		-0,8		
-348,00	0,817		-0,6		
-347,00	1,323		0,5		
-346,00	0,794		1,5		
-345,00	0,188		2,0		
-344,00	-0,590		1,8		
-343,00	0,754		1,9		
-342,00	1,447		3,0		
-341,00	1,191		4,3		
-340,00	0,704		5,3		
-339,00	0,944		6,1		
-338,00	1,511		7,3		
-337,00	1,014		8,6		
-336,00	0,848		9,5		
-335,00	1,488		10,7		
-334,00	1,520		12,2		
-333,00	1,584		13,8		
-332,00	2,034		15,6		
-331,00	1,471		17,3		
-330,00	1,749		18,9		
-329,00	1,092		20,3		
-328,00	1,129		21,5		
-327,00	2,547		23,3		
-326,00	3,380		26,3		
-325,00	2,220		29,1		
-324,00	0,512		30,4		
-323,00	1,539		31,4		
-322,00	4,249		34,3		
-321,00	3,521		38,2		
-320,00	1,146		40,6		
-319,00	1,123		41,7		
-318,00	2,300		43,4		
-317,00	2,301		45,7		
-316,00	2,371		48,0		
-315,00	2,371		50,4		
-314,00	1,793		52,5		
-313,00	2,779		54,8		
-312,00	2,472		57,4		
-311,00	2,181		59,7		
-310,00	1,822		61,7		
-309,00	1,099		63,2		
-308,00	2,928		65,2		
-307,00	-3,238		65,1		
-306,00	-0,118		63,4		
-305,00	7,829		67,2		
-304,00	4,152		73,2		
-303,00	3,033		76,8		
-302,00	3,077		79,9		
-301,00	3,542		83,2		
-300,00	2,725		86,3		
-299,00	2,307		88,8		
-298,00	1,824		90,9		
-297,00	2,289		92,9		
-296,00	3,213		95,7		
-295,00	4,725		99,7		
-294,00	2,283		103,2		
-293,00	1,367		105,0		
-292,00	3,286		107,3		
-291,00	0,737		109,3		
-290,00	1,214		110,3		
-289,00	4,919		113,4		
-288,00	4,415		118,0		
-287,00	1,734		121,1		
-286,00	-0,596		121,7		
-285,00	2,233		122,5		
-284,00	5,626		126,4		
-283,00	2,785		130,6		
-282,00	1,594		132,8		
-281,00	1,543		134,4		
-280,00	3,384		136,9		
-279,00	0,179		138,6		
-278,00	3,415		140,4		
-277,00	3,926		144,1		
-276,00	0,117		146,1		
-275,00	2,647		147,5		
-274,00	7,442		152,6		
-273,00	4,697		158,6		
-272,00	-2,114		159,9		
-271,00	1,973		159,9		
-270,00	4,776		163,2		
-269,00	3,355		167,3		
-268,00	-1,026		168,5		
-267,00	0,385		168,1		
-266,00	0,996		168,8		
-265,00	1,749		170,2		
-264,00	3,204		172,7		
-263,00	2,465		175,5		
-262,00	2,416		177,9		
-261,00	-2,373		178,0		
-260,00	3,996		178,8		
-259,00	8,734		185,1		
-258,00	-3,391		187,8		
-257,00	-0,948		185,6		
-256,00	6,361		188,4		
-255,00	5,641		194,4		
-254,00	-0,318		197,0		
-253,00	1,423		197,6		
-252,00	4,752		200,7		
-251,00	-0,429		202,8		
-250,00	-1,403		201,9		
-249,00	-0,574		200,9		
-248,00	0,214		200,7		
-247,00	2,896		202,3		
-246,00	6,498		207,0		
-245,00	-0,801		209,8		
-244,00	0,109		209,5		
-243,00	6,524		212,8		
-242,00	2,827		217,5		
-241,00	0,933		219,4		
-240,00	-0,076		219,8		
-239,00	4,712		222,1		
-238,00	2,716		225,8		
-237,00	-1,136		226,6		
-236,00	7,617		229,9		
-235,00	1,703		234,5		
-234,00	-2,257		234,2		
-233,00	1,643		233,9		
-232,00	1,633		235,6		
-231,00	4,620		238,7		
-230,00	0,539		241,3		
-229,00	1,566		242,3		
-228,00	-3,669		241,3		
-227,00	-2,662		238,1		
-226,00	7,583		240,6		
-225,00	5,583		247,1		
-224,00	4,549		252,2		
-223,00	1,376		255,2		
-222,00	0,294		256,0		
-221,00	-1,903		255,2		
-220,00	1,276		254,9		
-219,00	4,445		257,8		
-218,00	-0,949		259,5		
-217,00	-0,995		258,5		
-216,00	1,135		258,6		
-215,00	0,003		259,2		
-214,00	2,163		260,3		
-213,00	5,435		264,1		
-212,00	3,236		268,4		
-211,00	-2,341		268,8		
-210,00	-1,271		267,0		
-209,00	5,381		269,1		
-208,00	2,014		272,8		
-207,00	0,880		274,2		
-206,00	1,956		275,6		
-205,00	-4,850		274,2		
-204,00	-1,494		271,0		
-203,00	0,713		270,6		
-202,00	0,699		271,3		
-201,00	4,068		273,7		
-200,00	1,770		276,6		
-199,00	0,605		277,8		
-198,00	0,577		278,4		
-197,00	-1,754		277,8		
-196,00	-1,795		276,1		
-195,00	1,618		276,0		
-194,00	3,901		278,7		
-193,00	-1,899		279,7		
-192,00	-5,419		276,1		
-191,00	3,806		275,3		
-190,00	-2,001		276,2		
-189,00	-2,038		274,1		
-188,00	8,334		277,3		
-187,00	0,219		281,6		
-186,00	-5,637		278,9		
-185,00	0,155		276,1		
-184,00	4,763		278,6		
-183,00	-1,064		280,4		
-182,00	1,232		280,5		
-181,00	5,844		284,1		
-180,00	-2,337		285,8		
-179,00	1,141		285,2		
-178,00	2,266		286,9		
-177,00	3,405		289,8		
-176,00	9,214		296,1		
-175,00	-4,858		298,2		
-174,00	-8,442		291,6		
-173,00	0,938		287,8		
-172,00	2,074		289,3		
-171,00	0,868		290,8		
-170,00	1,991		292,2		
-169,00	-0,358		293,1		
-168,00	-2,734		291,5		
-167,00	1,886		291,1		
-166,00	1,853		293,0		
-165,00	-0,503		293,6		
-164,00	1,773		294,3		
-163,00	-0,582		294,9		
-162,00	-11,026		289,1		
-161,00	0,510		283,8		
-160,00	5,075		286,6		
-159,00	-3,012		287,6		
-158,00	-1,877		285,2		
-157,00	0,368		284,4		
-156,00	-1,930		283,6		
-155,00	-0,858		282,3		
-154,00	5,918		284,8		
-153,00	-0,916		287,3		
-152,00	-4,356		284,6		
-151,00	-3,228		280,9		
-150,00	-1,005		278,7		
-149,00	-1,034		277,7		
-148,00	-1,083		276,7		
-147,00	0,003		276,1		
-146,00	-0,039		276,1		
-145,00	-1,179		275,5		
-144,00	3,145		276,5		
-143,00	3,106		279,6		
-142,00	-1,346		280,5		
-141,00	2,969		281,3		
-140,00	-2,486		281,5		
-139,00	-4,719		277,9		
-138,00	1,731		276,4		
-137,00	-0,453		277,1		
-136,00	-0,525		276,6		
-135,00	-0,558		276,0		
-134,00	0,441		276,0		
-133,00	-4,820		273,8		
-132,00	-3,857		269,5		
-131,00	4,466		269,8		
-130,00	10,526		277,3		
-129,00	4,272		284,7		
-128,00	-13,380		280,1		
-127,00	-9,167		268,8		
-126,00	5,058		266,8		
-125,00	1,981		270,3		
-124,00	2,820		272,7		
-123,00	-0,166		274,0		
-122,00	-10,214		268,8		
-121,00	-0,302		263,6		
-120,00	7,412		267,1		
-119,00	-1,392		270,1		
-118,00	-1,556		268,7		
-117,00	7,028		271,4		
-116,00	0,232		275,0		
-115,00	-0,851		274,7		
-114,00	4,708		276,6		
-113,00	-1,906		278,1		
-112,00	-7,584		273,3		
-111,00	-2,937		268,0		
-110,00	-2,036		265,6		
-109,00	1,474		265,3		
-108,00	0,498		266,3		
-107,00	-7,581		262,7		
-106,00	-2,322		257,8		
-105,00	-0,558		256,3		
-104,00	0,140		256,1		
-103,00	2,640		257,5		
-102,00	-2,592		257,5		
-101,00	-1,002		255,7		
-100,00	-0,246		255,1		
-99,00	-4,427		252,8		
-98,00	-3,676		248,7		
-97,00	-5,251		244,3		
-96,00	3,332		243,3		
-95,00	4,090		247,0		
-94,00	-1,689		248,2		
-93,00	5,155		249,9		
-92,00	2,634		253,8		
-91,00	-1,328		254,5		
-90,00	1,485		254,6		
-89,00	-0,102		255,3		
-88,00	-4,672		252,9		
-87,00	-2,523		249,3		
-86,00	0,900		248,5		
-85,00	2,145		250,0		
-84,00	0,524		251,3		
-83,00	-1,035		251,1		
-82,00	-0,524		250,3		
-81,00	1,314		250,7		
-80,00	-0,219		251,2		
-79,00	-2,342		250,0		
-78,00	-1,854		247,9		
-77,00	1,767		247,8		
-76,00	0,940		249,2		
-75,00	0,618		249,9		
-74,00	-0,159		250,2		
-73,00	-1,630		249,3		
-72,00	-0,604		248,2		
-71,00	2,577		249,1		
-70,00	0,648		250,8		
-69,00	0,225		251,2		
-68,00	0,121		251,4		
-67,00	-0,836		251,0		
-66,00	0,618		250,9		
-65,00	-1,317		250,6		
-64,00	-2,011		248,9		
-63,00	-2,263		246,8		
-62,00	-0,464		245,4		
-61,00	-0,296		245,0		
-60,00	1,289		245,5		
-59,00	-0,871		245,7		
-58,00	-1,226		244,7		
-57,00	0,311		244,2		
-56,00	-1,345		243,7		
-55,00	-2,504		241,8		
-54,00	-0,671		240,2		
-53,00	0,761		240,2		
-52,00	1,125		241,2		
-51,00	-0,461		241,5		
-50,00	-2,050		240,2		
-49,00	0,733		239,6		
-48,00	0,017		240,0		
-47,00	0,287		240,1		
-46,00	-0,067		240,2		
-45,00	-0,169		240,1		
-44,00	0,893		240,5		
-43,00	0,368		241,1		
-42,00	0,635		241,6		
-41,00	-1,423		241,2		
-40,00	-0,549		240,2		
-39,00	1,252		240,6		
-38,00	1,654		242,0		
-37,00	-0,825		242,4		
-36,00	-2,389		240,8		
-35,00	2,094		240,7		
-34,00	1,915		242,7		
-33,00	0,358		243,8		
-32,00	-0,760		243,6		
-31,00	-1,219		242,6		
-30,00	1,558		242,8		
-29,00	0,256		243,7		
-28,00	-1,728		243,0		
-27,00	2,507		243,4		
-26,00	1,457		245,3		
-25,00	-0,970		245,6		
-24,00	-0,031		245,1		
-23,00	-0,077		245,0		
-22,00	1,495		245,7		
-21,00	-0,097		246,4		
-20,00	-0,140		246,3		
-19,00	1,915		247,2		
-18,00	1,141		248,7		
-17,00	-0,379		249,1		
-16,00	1,630		249,7		
-15,00	2,385		251,8		
-14,00	2,628		254,3		
-13,00	3,369		257,3		
-12,00	3,092		260,5		
-11,00	4,519		264,3		
-10,00	5,745		269,4		
-9,00	6,304		275,5		
-8,00	7,144		282,2		
-7,00	8,219		289,9		
-6,00	10,185		299,1		
-5,00	11,898		310,1		
-4,00	12,629		322,4		
-3,00	13,621		335,5		
-2,00	15,758		350,2		
-1,00	16,596		366,4		
0,00	18,236		383,8		
1,00	20,854		403,3		
2,00	21,662		424,6		
3,00	23,102		447,0		
4,00	25,024		471,0		
5,00	25,226		496,1		
6,00	26,233		521,9		
7,00	27,872		548,9		
8,00	27,659		576,7		
9,00	27,230		604,1		
10,00	29,224		632,4		
11,00	31,666		662,8		
12,00	32,760		695,0		
13,00	35,159		729,0		
14,00	36,345		764,7		
15,00	36,844		801,3		
16,00	39,393		839,4		
17,00	39,156		878,7		
18,00	39,602		918,1		
19,00	42,880		959,3		
20,00	41,625		1001,6		
21,00	40,478		1042,6		
22,00	42,584		1084,2		
23,00	43,010		1127,0		
24,00	43,985		1170,5		
25,00	46,024		1215,5		
26,00	43,722		1260,3		
27,00	43,800		1304,1		
28,00	45,530		1348,8		
29,00	41,838		1392,5		
30,00	38,378		1432,6		
31,00	39,977		1471,7		
32,00	37,016		1510,2		
33,00	31,915		1544,7		
34,00	29,155		1575,2		
35,00	23,519		1601,6		
36,00	22,008		1624,3		
37,00	21,412		1646,0		
38,00	14,989		1664,2		
39,00	12,455		1678,0		
40,00	14,219		1691,3		
41,00	11,933		1704,4		
42,00	9,034		1714,9		
43,00	8,983		1723,9		
44,00	8,152		1732,4		
45,00	4,501		1738,8		
46,00	3,333		1742,7		
47,00	6,802		1747,8		
48,00	4,372		1753,3		
49,00	-1,150		1755,0		
50,00	0,280		1754,5		
51,00	2,426		1755,9		
52,00	-0,187		1757,0		
53,00	-2,793		1755,5		
54,00	-3,277		1752,5		
55,00	-0,207		1750,7		
56,00	-2,184		1749,5		
57,00	-3,114		1746,9		
58,00	0,793		1745,7		
59,00	-2,901		1744,7		
60,00	-3,736		1741,3		
61,00	-1,410		1738,8		
62,00	9,798		1743,0		
63,00	-0,440		1747,6		
64,00	-12,632		1741,1		
65,00	0,363		1735,0		
66,00	-0,404		1735,0		
67,00	-4,044		1732,7		
68,00	-1,743		1729,8		
69,00	1,013		1729,5		
70,00	-1,985		1729,0		
71,00	-3,291		1726,3		
72,00	0,396		1724,9		
73,00	-0,827		1724,7		
74,00	-2,014		1723,3		
75,00	-3,226		1720,6		
76,00	-2,738		1717,7		
77,00	-1,231		1715,7		
78,00	-23,993		1703,1		
79,00	-6,158		1688,0		
80,00	19,680		1694,8		
81,00	2,796		1706,0		
82,00	-3,727		1705,5		
83,00	-7,501		1699,9		
84,00	-0,902		1695,7		
85,00	-1,893		1694,3		
86,00	-3,638		1691,5		
87,00	2,315		1690,9		
88,00	-1,421		1691,3		
89,00	-4,197		1688,5		
90,00	1,115		1687,0		
91,00	-0,731		1687,2		
92,00	-2,374		1685,6		
93,00	-1,070		1683,9		
94,00	-0,730		1683,0		
95,00	-0,369		1682,4		
96,00	-3,092		1680,7		
97,00	-0,461		1678,9		
98,00	-2,275		1677,6		
99,00	0,462		1676,7		
100,00	2,184		1678,0		
101,00	0,538		1679,4		
102,00	-3,542		1677,9		
103,00	-5,199		1673,5		
104,00	-0,020		1670,9		
105,00	-0,480		1670,6		
106,00	-3,383		1668,7		
107,00	-1,507		1666,2		
108,00	-1,995		1664,5		
109,00	-4,942		1661,0		
110,00	-3,034		1657,0		
111,00	-2,219		1654,4		
112,00	3,470		1655,0		
113,00	1,827		1657,7		
114,00	-0,942		1658,1		
115,00	1,164		1658,2		
116,00	3,320		1660,5		
117,00	-2,162		1661,1		
118,00	0,116		1660,0		
119,00	0,929		1660,6		
120,00	-4,546		1658,8		
121,00	1,617		1657,3		
122,00	-4,024		1656,1		
123,00	-6,994		1650,6		
124,00	-0,714		1646,7		
125,00	0,314		1646,5		
126,00	-4,041		1644,7		
127,00	-15,169		1635,1		
128,00	-7,376		1623,8		
129,00	8,409		1624,3		
130,00	-1,280		1627,9		
131,00	-5,600		1624,4		
132,00	-3,154		1620,0		
133,00	-7,589		1614,7		
134,00	-6,523		1607,6		
135,00	-3,975		1602,4		
136,00	-5,652		1597,6		
137,00	-7,332		1591,1		
138,00	-1,982		1586,4		
139,00	-0,855		1585,0		
140,00	-5,292		1581,9		
141,00	-2,688		1577,9		
142,00	4,170		1578,7		
143,00	-0,283		1580,6		
144,00	-10,395		1575,3		
145,00	-9,220		1565,5		
146,00	-6,616		1557,5		
147,00	-6,804		1550,8		
148,00	-8,417		1543,2		
149,00	-5,777		1536,1		
150,00	-11,710		1527,4		
151,00	-1,858		1520,6		
152,00	-0,633		1519,4		
153,00	-17,997		1510,0		
154,00	-12,437		1494,8		
155,00	-6,830		1485,2		
156,00	-8,439		1477,6		
157,00	-14,327		1466,2		
158,00	-13,027		1452,5		
159,00	-3,225		1444,4		
160,00	-16,168		1434,7		
161,00	-19,157		1417,0		
162,00	-7,880		1403,5		
163,00	-16,459		1391,3		
164,00	-16,574		1374,8		
165,00	-9,651		1361,7		
166,00	-9,740		1352,0		
167,00	-11,228		1341,5		
168,00	-18,285		1326,8		
169,00	-23,925		1305,6		
170,00	-10,060		1288,7		
171,00	-15,603		1275,8		
172,00	-15,724		1260,2		
173,00	-3,466		1250,6		
174,00	-6,258		1245,7		
175,00	-25,305		1229,9		
176,00	-25,371		1204,6		
177,00	-10,403		1186,7		
178,00	-25,100		1168,9		
179,00	-7,867		1152,5		
180,00	-7,835		1144,6		
181,00	-15,837		1132,8		
182,00	-14,416		1117,6		
183,00	-15,804		1102,5		
184,00	-10,509		1089,4		
185,00	-16,990		1075,6		
186,00	-13,092		1060,6		
187,00	-6,738		1050,7		
188,00	-1,710		1046,5		
189,00	-6,801		1042,2		
190,00	-6,851		1035,4		
191,00	-9,332		1027,3		
192,00	-9,372		1017,9		
193,00	-4,405		1011,0		
194,00	-8,134		1004,8		
195,00	-3,233		999,1		
196,00	-8,141		993,4		
197,00	-13,096		982,8		
198,00	-0,883		975,8		
199,00	-5,729		972,5		
200,00	-11,802		963,7		
201,00	-5,759		954,9		
202,00	1,359		952,7		
203,00	-4,598		951,1		
204,00	-9,410		944,1		
205,00	-1,128		938,8		
206,00	-2,314		937,1		
207,00	1,128		936,5		
208,00	-2,399		935,9		
209,00	-4,800		932,3		
210,00	3,304		931,5		
211,00	-5,977		930,2		
212,00	-4,893		924,8		
213,00	1,992		923,3		
214,00	-2,628		923,0		
215,00	-1,542		920,9		
216,00	4,053		922,2		
217,00	0,616		924,5		
218,00	-3,976		922,8		
219,00	-0,628		920,5		
220,00	-0,671		919,9		
221,00	-1,846		918,6		
222,00	-1,898		916,8		
223,00	5,732		918,7		
224,00	-3,077		920,0		
225,00	-13,055		911,9		
226,00	-0,971		904,9		
227,00	3,279		906,1		
228,00	-0,033		907,7		
229,00	-9,669		902,8		
230,00	-9,664		893,2		
231,00	0,932		888,8		
232,00	1,888		890,2		
233,00	-4,410		889,0		
234,00	1,706		887,6		
235,00	4,723		890,8		
236,00	2,521		894,4		
237,00	2,448		896,9		
238,00	-1,725		897,3		
239,00	-2,784		895,0		
240,00	-1,851		892,7		
241,00	2,057		892,8		
242,00	-13,714		887,0		
243,00	-2,085		879,1		
244,00	6,724		881,4		
245,00	-5,088		882,2		
246,00	-2,161		878,6		
247,00	-6,014		874,5		
248,00	-2,263		870,4		
249,00	-1,382		868,6		
250,00	-2,379		866,7		
251,00	-5,141		862,9		
252,00	-3,407		858,6		
253,00	0,180		857,0		
254,00	-6,988		853,6		
255,00	14,754		857,5		
256,00	4,286		867,0		
257,00	-19,708		859,3		
258,00	-2,874		848,0		
259,00	-3,736		844,7		
260,00	-0,512		842,6		
261,00	0,301		842,5		
262,00	-6,412		839,4		
263,00	-1,588		835,4		
264,00	-3,176		833,1		
265,00	-8,809		827,1		
266,00	-4,029		820,6		
267,00	-4,017		816,6		
268,00	-4,846		812,2		
269,00	-2,569		808,5		
270,00	-2,639		805,9		
271,00	-1,264		803,9		
272,00	-9,184		798,7		
273,00	-9,215		789,5		
274,00	-3,351		783,2		
275,00	-6,857		778,1		
276,00	-4,088		772,6		
277,00	-2,739		769,2		
278,00	-5,410		765,2		
279,00	-4,759		760,1		
280,00	-5,335		755,0		
281,00	-5,959		749,4		
282,00	-2,199		745,3		
283,00	-2,824		742,8		
284,00	-3,509		739,6		
285,00	-2,922		736,4		
286,00	-5,275		732,3		
287,00	-5,813		726,8		
288,00	-5,174		721,3		
289,00	-4,028		716,7		
290,00	-7,185		711,1		
291,00	-4,542		705,2		
292,00	-0,236		702,8		
293,00	-3,960		700,7		
294,00	-4,462		696,5		
295,00	-4,410		692,1		
296,00	-4,858		687,4		
297,00	-4,319		682,8		
298,00	-2,447		679,5		
299,00	-2,012		677,2		
300,00	-4,729		673,9		
301,00	-3,407		669,8		
302,00	-2,055		667,1		
303,00	-4,224		663,9		
304,00	-4,976		659,3		
305,00	-3,715		655,0		
306,00	-2,869		651,7		
307,00	-4,005		648,2		
308,00	-3,599		644,4		
309,00	-2,467		641,4		
310,00	-2,823		638,8		
311,00	-3,184		635,8		
312,00	-2,799		632,8		
313,00	-3,778		629,5		
314,00	-5,352		624,9		
315,00	-3,954		620,3		
316,00	-1,968		617,3		
317,00	-1,996		615,3		
318,00	-3,464		612,6		
319,00	-12,258		604,7		
320,00	-4,151		596,5		
321,00	4,530		596,7		
322,00	-3,121		597,4		
323,00	-2,809		594,5		
324,00	-1,953		592,1		
325,00	-3,668		589,3		
326,00	-3,846		585,5		
327,00	-2,955		582,1		
328,00	-2,424		579,4		
329,00	-1,454		577,5		
330,00	-1,441		576,0		
331,00	-2,259		574,2		
332,00	-2,416		571,8		
333,00	-1,510		569,9		
334,00	-2,471		567,9		
335,00	-2,217		565,5		
336,00	-1,695		563,6		
337,00	-2,222		561,6		
338,00	-1,586		559,7		
339,00	-1,865		558,0		
340,00	-1,794		556,2		
341,00	-1,524		554,5		
342,00	-1,789		552,9		
343,00	-1,045		551,4		
344,00	-1,274		550,3		
345,00	-1,064		549,1		
346,00	-2,064		547,5		
347,00	-1,532		545,7		
348,00	-0,183		544,9		
349,00	-1,050		544,3		
350,00	-0,803		543,3		
351,00	-1,301		542,3		
352,00	0,220		541,8		
353,00	-0,272		541,7		
354,00	-1,207		541,0		
355,00	-0,123		540,3		
356,00	-0,042		540,2		
357,00	-0,793		539,8		
358,00	-0,580		539,1		
359,00	0,332		539,0		
360,00	0,000		539,2		
