Kurbelwinkel	dQ1	dQ2	IntQ1	IntQ2	
Grad	%/Grd		%		
-360,00	0,0000		0,00		
-359,00	0,0048		0,00		
-358,00	-0,0150		-0,00		
-357,00	-0,0270		-0,02		
-356,00	-0,0148		-0,04		
-355,00	0,0055		-0,05		
-354,00	0,0008		-0,05		
-353,00	0,0133		-0,04		
-352,00	0,0412		-0,01		
-351,00	-0,0135		0,00		
-350,00	-0,0353		-0,02		
-349,00	-0,0166		-0,05		
-348,00	0,0465		-0,03		
-347,00	0,0753		0,03		
-346,00	0,0452		0,09		
-345,00	0,0107		0,12		
-344,00	-0,0336		0,10		
-343,00	0,0429		0,11		
-342,00	0,0824		0,17		
-341,00	0,0678		0,25		
-340,00	0,0401		0,30		
-339,00	0,0538		0,35		
-338,00	0,0860		0,42		
-337,00	0,0577		0,49		
-336,00	0,0482		0,54		
-335,00	0,0847		0,61		
-334,00	0,0865		0,69		
-333,00	0,0902		0,78		
-332,00	0,1157		0,89		
-331,00	0,0837		0,99		
-330,00	0,0995		1,08		
-329,00	0,0621		1,16		
-328,00	0,0642		1,22		
-327,00	0,1449		1,33		
-326,00	0,1924		1,49		
-325,00	0,1264		1,65		
-324,00	0,0292		1,73		
-323,00	0,0876		1,79		
-322,00	0,2418		1,95		
-321,00	0,2004		2,18		
-320,00	0,0652		2,31		
-319,00	0,0639		2,37		
-318,00	0,1309		2,47		
-317,00	0,1310		2,60		
-316,00	0,1349		2,73		
-315,00	0,1350		2,87		
-314,00	0,1020		2,99		
-313,00	0,1582		3,12		
-312,00	0,1407		3,27		
-311,00	0,1241		3,40		
-310,00	0,1037		3,51		
-309,00	0,0626		3,60		
-308,00	0,1666		3,71		
-307,00	-0,1843		3,70		
-306,00	-0,0067		3,61		
-305,00	0,4456		3,83		
-304,00	0,2363		4,17		
-303,00	0,1726		4,37		
-302,00	0,1751		4,55		
-301,00	0,2016		4,73		
-300,00	0,1551		4,91		
-299,00	0,1313		5,06		
-298,00	0,1038		5,17		
-297,00	0,1303		5,29		
-296,00	0,1828		5,45		
-295,00	0,2689		5,67		
-294,00	0,1299		5,87		
-293,00	0,0778		5,98		
-292,00	0,1870		6,11		
-291,00	0,0420		6,22		
-290,00	0,0691		6,28		
-289,00	0,2800		6,45		
-288,00	0,2513		6,72		
-287,00	0,0987		6,89		
-286,00	-0,0339		6,93		
-285,00	0,1271		6,97		
-284,00	0,3202		7,20		
-283,00	0,1585		7,44		
-282,00	0,0907		7,56		
-281,00	0,0878		7,65		
-280,00	0,1926		7,79		
-279,00	0,0102		7,89		
-278,00	0,1944		7,99		
-277,00	0,2234		8,20		
-276,00	0,0066		8,32		
-275,00	0,1506		8,40		
-274,00	0,4236		8,68		
-273,00	0,2674		9,03		
-272,00	-0,1203		9,10		
-271,00	0,1123		9,10		
-270,00	0,2718		9,29		
-269,00	0,1910		9,52		
-268,00	-0,0584		9,59		
-267,00	0,0219		9,57		
-266,00	0,0567		9,61		
-265,00	0,0995		9,69		
-264,00	0,1824		9,83		
-263,00	0,1403		9,99		
-262,00	0,1375		10,13		
-261,00	-0,1351		10,13		
-260,00	0,2274		10,18		
-259,00	0,4971		10,54		
-258,00	-0,1930		10,69		
-257,00	-0,0540		10,57		
-256,00	0,3620		10,72		
-255,00	0,3211		11,06		
-254,00	-0,0181		11,21		
-253,00	0,0810		11,24		
-252,00	0,2705		11,42		
-251,00	-0,0244		11,54		
-250,00	-0,0799		11,49		
-249,00	-0,0327		11,44		
-248,00	0,0122		11,42		
-247,00	0,1648		11,51		
-246,00	0,3699		11,78		
-245,00	-0,0456		11,94		
-244,00	0,0062		11,92		
-243,00	0,3713		12,11		
-242,00	0,1609		12,38		
-241,00	0,0531		12,48		
-240,00	-0,0043		12,51		
-239,00	0,2682		12,64		
-238,00	0,1546		12,85		
-237,00	-0,0647		12,90		
-236,00	0,4335		13,08		
-235,00	0,0969		13,35		
-234,00	-0,1285		13,33		
-233,00	0,0935		13,31		
-232,00	0,0929		13,41		
-231,00	0,2629		13,59		
-230,00	0,0307		13,73		
-229,00	0,0891		13,79		
-228,00	-0,2089		13,73		
-227,00	-0,1515		13,55		
-226,00	0,4316		13,69		
-225,00	0,3178		14,07		
-224,00	0,2589		14,35		
-223,00	0,0783		14,52		
-222,00	0,0167		14,57		
-221,00	-0,1083		14,53		
-220,00	0,0726		14,51		
-219,00	0,2530		14,67		
-218,00	-0,0540		14,77		
-217,00	-0,0566		14,71		
-216,00	0,0646		14,72		
-215,00	0,0002		14,75		
-214,00	0,1231		14,81		
-213,00	0,3094		15,03		
-212,00	0,1842		15,28		
-211,00	-0,1332		15,30		
-210,00	-0,0723		15,20		
-209,00	0,3063		15,32		
-208,00	0,1146		15,53		
-207,00	0,0501		15,61		
-206,00	0,1113		15,69		
-205,00	-0,2761		15,61		
-204,00	-0,0850		15,43		
-203,00	0,0406		15,40		
-202,00	0,0398		15,44		
-201,00	0,2315		15,58		
-200,00	0,1008		15,75		
-199,00	0,0344		15,81		
-198,00	0,0328		15,85		
-197,00	-0,0999		15,81		
-196,00	-0,1022		15,71		
-195,00	0,0921		15,71		
-194,00	0,2220		15,86		
-193,00	-0,1081		15,92		
-192,00	-0,3084		15,71		
-191,00	0,2166		15,67		
-190,00	-0,1139		15,72		
-189,00	-0,1160		15,60		
-188,00	0,4743		15,78		
-187,00	0,0125		16,03		
-186,00	-0,3208		15,87		
-185,00	0,0088		15,72		
-184,00	0,2711		15,86		
-183,00	-0,0606		15,96		
-182,00	0,0701		15,97		
-181,00	0,3326		16,17		
-180,00	-0,1330		16,27		
-179,00	0,0649		16,23		
-178,00	0,1290		16,33		
-177,00	0,1938		16,49		
-176,00	0,5244		16,85		
-175,00	-0,2765		16,97		
-174,00	-0,4805		16,60		
-173,00	0,0534		16,38		
-172,00	0,1180		16,47		
-171,00	0,0494		16,55		
-170,00	0,1133		16,63		
-169,00	-0,0204		16,68		
-168,00	-0,1556		16,59		
-167,00	0,1073		16,57		
-166,00	0,1055		16,67		
-165,00	-0,0286		16,71		
-164,00	0,1009		16,75		
-163,00	-0,0331		16,78		
-162,00	-0,6276		16,45		
-161,00	0,0290		16,15		
-160,00	0,2888		16,31		
-159,00	-0,1714		16,37		
-158,00	-0,1068		16,23		
-157,00	0,0209		16,19		
-156,00	-0,1098		16,14		
-155,00	-0,0488		16,06		
-154,00	0,3368		16,21		
-153,00	-0,0522		16,35		
-152,00	-0,2479		16,20		
-151,00	-0,1837		15,98		
-150,00	-0,0572		15,86		
-149,00	-0,0589		15,81		
-148,00	-0,0616		15,75		
-147,00	0,0002		15,72		
-146,00	-0,0022		15,71		
-145,00	-0,0671		15,68		
-144,00	0,1790		15,74		
-143,00	0,1768		15,91		
-142,00	-0,0766		15,96		
-141,00	0,1690		16,01		
-140,00	-0,1415		16,02		
-139,00	-0,2686		15,82		
-138,00	0,0985		15,73		
-137,00	-0,0258		15,77		
-136,00	-0,0299		15,74		
-135,00	-0,0317		15,71		
-134,00	0,0251		15,71		
-133,00	-0,2743		15,58		
-132,00	-0,2195		15,34		
-131,00	0,2542		15,35		
-130,00	0,5991		15,78		
-129,00	0,2432		16,20		
-128,00	-0,7615		15,94		
-127,00	-0,5218		15,30		
-126,00	0,2879		15,18		
-125,00	0,1127		15,38		
-124,00	0,1605		15,52		
-123,00	-0,0094		15,60		
-122,00	-0,5813		15,30		
-121,00	-0,0172		15,00		
-120,00	0,4218		15,20		
-119,00	-0,0792		15,38		
-118,00	-0,0885		15,29		
-117,00	0,4000		15,45		
-116,00	0,0132		15,65		
-115,00	-0,0484		15,64		
-114,00	0,2679		15,75		
-113,00	-0,1085		15,83		
-112,00	-0,4316		15,56		
-111,00	-0,1671		15,26		
-110,00	-0,1159		15,11		
-109,00	0,0839		15,10		
-108,00	0,0284		15,15		
-107,00	-0,4314		14,95		
-106,00	-0,1322		14,67		
-105,00	-0,0318		14,59		
-104,00	0,0079		14,58		
-103,00	0,1503		14,66		
-102,00	-0,1475		14,66		
-101,00	-0,0571		14,56		
-100,00	-0,0140		14,52		
-99,00	-0,2519		14,39		
-98,00	-0,2092		14,16		
-97,00	-0,2989		13,90		
-96,00	0,1896		13,85		
-95,00	0,2328		14,06		
-94,00	-0,0961		14,13		
-93,00	0,2934		14,23		
-92,00	0,1499		14,45		
-91,00	-0,0756		14,48		
-90,00	0,0845		14,49		
-89,00	-0,0058		14,53		
-88,00	-0,2659		14,39		
-87,00	-0,1436		14,19		
-86,00	0,0512		14,14		
-85,00	0,1221		14,23		
-84,00	0,0298		14,30		
-83,00	-0,0589		14,29		
-82,00	-0,0298		14,25		
-81,00	0,0748		14,27		
-80,00	-0,0125		14,30		
-79,00	-0,1333		14,23		
-78,00	-0,1055		14,11		
-77,00	0,1006		14,10		
-76,00	0,0535		14,18		
-75,00	0,0351		14,23		
-74,00	-0,0090		14,24		
-73,00	-0,0928		14,19		
-72,00	-0,0344		14,12		
-71,00	0,1467		14,18		
-70,00	0,0369		14,27		
-69,00	0,0128		14,30		
-68,00	0,0069		14,31		
-67,00	-0,0476		14,29		
-66,00	0,0352		14,28		
-65,00	-0,0750		14,26		
-64,00	-0,1144		14,17		
-63,00	-0,1288		14,04		
-62,00	-0,0264		13,97		
-61,00	-0,0169		13,94		
-60,00	0,0734		13,97		
-59,00	-0,0496		13,98		
-58,00	-0,0698		13,93		
-57,00	0,0177		13,90		
-56,00	-0,0766		13,87		
-55,00	-0,1425		13,76		
-54,00	-0,0382		13,67		
-53,00	0,0433		13,67		
-52,00	0,0641		13,73		
-51,00	-0,0263		13,75		
-50,00	-0,1167		13,67		
-49,00	0,0417		13,64		
-48,00	0,0010		13,66		
-47,00	0,0163		13,67		
-46,00	-0,0038		13,67		
-45,00	-0,0096		13,67		
-44,00	0,0508		13,69		
-43,00	0,0209		13,72		
-42,00	0,0361		13,75		
-41,00	-0,0810		13,73		
-40,00	-0,0313		13,67		
-39,00	0,0713		13,69		
-38,00	0,0942		13,77		
-37,00	-0,0469		13,80		
-36,00	-0,1360		13,71		
-35,00	0,1192		13,70		
-34,00	0,1090		13,81		
-33,00	0,0204		13,88		
-32,00	-0,0433		13,87		
-31,00	-0,0694		13,81		
-30,00	0,0887		13,82		
-29,00	0,0146		13,87		
-28,00	-0,0984		13,83		
-27,00	0,1427		13,85		
-26,00	0,0829		13,96		
-25,00	-0,0552		13,98		
-24,00	-0,0018		13,95		
-23,00	-0,0044		13,95		
-22,00	0,0851		13,99		
-21,00	-0,0055		14,03		
-20,00	-0,0080		14,02		
-19,00	0,1090		14,07		
-18,00	0,0650		14,16		
-17,00	-0,0216		14,18		
-16,00	0,0928		14,21		
-15,00	0,1358		14,33		
-14,00	0,1496		14,47		
-13,00	0,1917		14,64		
-12,00	0,1760		14,83		
-11,00	0,2572		15,04		
-10,00	0,3270		15,33		
-9,00	0,3588		15,68		
-8,00	0,4066		16,06		
-7,00	0,4678		16,50		
-6,00	0,5797		17,02		
-5,00	0,6772		17,65		
-4,00	0,7188		18,35		
-3,00	0,7753		19,09		
-2,00	0,8969		19,93		
-1,00	0,9446		20,85		
0,00	1,0379		21,84		
1,00	1,1869		22,95		
2,00	1,2329		24,16		
3,00	1,3148		25,44		
4,00	1,4242		26,81		
5,00	1,4358		28,24		
6,00	1,4931		29,70		
7,00	1,5863		31,24		
8,00	1,5742		32,82		
9,00	1,5498		34,38		
10,00	1,6633		35,99		
11,00	1,8023		37,72		
12,00	1,8646		39,56		
13,00	2,0011		41,49		
14,00	2,0686		43,53		
15,00	2,0970		45,61		
16,00	2,2421		47,78		
17,00	2,2286		50,01		
18,00	2,2540		52,25		
19,00	2,4405		54,60		
20,00	2,3691		57,01		
21,00	2,3038		59,34		
22,00	2,4237		61,71		
23,00	2,4479		64,14		
24,00	2,5034		66,62		
25,00	2,6195		69,18		
26,00	2,4885		71,73		
27,00	2,4929		74,22		
28,00	2,5914		76,77		
29,00	2,3812		79,25		
30,00	2,1843		81,54		
31,00	2,2753		83,76		
32,00	2,1068		85,96		
33,00	1,8164		87,92		
34,00	1,6594		89,66		
35,00	1,3386		91,15		
36,00	1,2526		92,45		
37,00	1,2187		93,69		
38,00	0,8531		94,72		
39,00	0,7089		95,50		
40,00	0,8093		96,26		
41,00	0,6792		97,01		
42,00	0,5142		97,60		
43,00	0,5113		98,12		
44,00	0,4640		98,60		
45,00	0,2562		98,96		
46,00	0,1897		99,19		
47,00	0,3871		99,47		
48,00	0,2488		99,79		
49,00	-0,0655		99,88		
50,00	0,0160		99,86		
51,00	0,1381		99,94		
52,00	-0,0106		100,00		
53,00	-0,1590		99,92		
54,00	-0,1865		99,74		
55,00	-0,0118		99,64		
56,00	-0,1243		99,58		
57,00	-0,1772		99,42		
58,00	0,0451		99,36		
59,00	-0,1651		99,30		
60,00	-0,2126		99,11		
61,00	-0,0803		98,96		
62,00	0,5577		99,20		
63,00	-0,0251		99,47		
64,00	-0,7190		99,10		
65,00	0,0207		98,75		
66,00	-0,0230		98,75		
67,00	-0,2301		98,62		
68,00	-0,0992		98,45		
69,00	0,0576		98,43		
70,00	-0,1130		98,41		
71,00	-0,1873		98,26		
72,00	0,0225		98,17		
73,00	-0,0471		98,16		
74,00	-0,1146		98,08		
75,00	-0,1836		97,93		
76,00	-0,1559		97,76		
77,00	-0,0701		97,65		
78,00	-1,3656		96,93		
79,00	-0,3505		96,07		
80,00	1,1201		96,46		
81,00	0,1591		97,10		
82,00	-0,2122		97,07		
83,00	-0,4269		96,75		
84,00	-0,0513		96,51		
85,00	-0,1077		96,43		
86,00	-0,2070		96,28		
87,00	0,1318		96,24		
88,00	-0,0809		96,26		
89,00	-0,2389		96,10		
90,00	0,0635		96,02		
91,00	-0,0416		96,03		
92,00	-0,1351		95,94		
93,00	-0,0609		95,84		
94,00	-0,0416		95,79		
95,00	-0,0210		95,76		
96,00	-0,1760		95,66		
97,00	-0,0262		95,56		
98,00	-0,1295		95,48		
99,00	0,0263		95,43		
100,00	0,1243		95,50		
101,00	0,0306		95,58		
102,00	-0,2016		95,50		
103,00	-0,2959		95,25		
104,00	-0,0011		95,10		
105,00	-0,0273		95,08		
106,00	-0,1926		94,97		
107,00	-0,0858		94,84		
108,00	-0,1135		94,74		
109,00	-0,2813		94,54		
110,00	-0,1727		94,31		
111,00	-0,1263		94,16		
112,00	0,1975		94,20		
113,00	0,1040		94,35		
114,00	-0,0536		94,37		
115,00	0,0663		94,38		
116,00	0,1890		94,51		
117,00	-0,1230		94,54		
118,00	0,0066		94,48		
119,00	0,0529		94,51		
120,00	-0,2587		94,41		
121,00	0,0921		94,33		
122,00	-0,2290		94,26		
123,00	-0,3981		93,94		
124,00	-0,0406		93,72		
125,00	0,0179		93,71		
126,00	-0,2300		93,61		
127,00	-0,8634		93,06		
128,00	-0,4198		92,42		
129,00	0,4786		92,45		
130,00	-0,0728		92,65		
131,00	-0,3187		92,45		
132,00	-0,1795		92,21		
133,00	-0,4319		91,90		
134,00	-0,3713		91,50		
135,00	-0,2263		91,20		
136,00	-0,3217		90,93		
137,00	-0,4173		90,56		
138,00	-0,1128		90,29		
139,00	-0,0486		90,21		
140,00	-0,3012		90,04		
141,00	-0,1530		89,81		
142,00	0,2374		89,85		
143,00	-0,0161		89,96		
144,00	-0,5916		89,66		
145,00	-0,5247		89,10		
146,00	-0,3765		88,65		
147,00	-0,3873		88,27		
148,00	-0,4790		87,83		
149,00	-0,3288		87,43		
150,00	-0,6665		86,93		
151,00	-0,1058		86,55		
152,00	-0,0360		86,47		
153,00	-1,0243		85,94		
154,00	-0,7079		85,08		
155,00	-0,3887		84,53		
156,00	-0,4803		84,10		
157,00	-0,8154		83,45		
158,00	-0,7415		82,67		
159,00	-0,1836		82,21		
160,00	-0,9202		81,65		
161,00	-1,0903		80,65		
162,00	-0,4485		79,88		
163,00	-0,9368		79,19		
164,00	-0,9433		78,25		
165,00	-0,5493		77,50		
166,00	-0,5543		76,95		
167,00	-0,6390		76,35		
168,00	-1,0407		75,51		
169,00	-1,3617		74,31		
170,00	-0,5725		73,34		
171,00	-0,8881		72,61		
172,00	-0,8949		71,72		
173,00	-0,1973		71,18		
174,00	-0,3562		70,90		
175,00	-1,4402		70,00		
176,00	-1,4440		68,56		
177,00	-0,5921		67,54		
178,00	-1,4286		66,53		
179,00	-0,4477		65,59		
180,00	-0,4460		65,15		
181,00	-0,9014		64,47		
182,00	-0,8205		63,61		
183,00	-0,8995		62,75		
184,00	-0,5981		62,00		
185,00	-0,9670		61,22		
186,00	-0,7452		60,36		
187,00	-0,3835		59,80		
188,00	-0,0973		59,56		
189,00	-0,3871		59,32		
190,00	-0,3899		58,93		
191,00	-0,5311		58,47		
192,00	-0,5334		57,94		
193,00	-0,2507		57,54		
194,00	-0,4630		57,19		
195,00	-0,1840		56,86		
196,00	-0,4633		56,54		
197,00	-0,7454		55,94		
198,00	-0,0503		55,54		
199,00	-0,3261		55,35		
200,00	-0,6717		54,85		
201,00	-0,3277		54,35		
202,00	0,0774		54,23		
203,00	-0,2617		54,13		
204,00	-0,5356		53,73		
205,00	-0,0642		53,43		
206,00	-0,1317		53,34		
207,00	0,0642		53,30		
208,00	-0,1365		53,27		
209,00	-0,2732		53,06		
210,00	0,1880		53,02		
211,00	-0,3402		52,94		
212,00	-0,2785		52,63		
213,00	0,1134		52,55		
214,00	-0,1496		52,53		
215,00	-0,0878		52,41		
216,00	0,2307		52,49		
217,00	0,0351		52,62		
218,00	-0,2263		52,52		
219,00	-0,0358		52,39		
220,00	-0,0382		52,36		
221,00	-0,1051		52,28		
222,00	-0,1080		52,18		
223,00	0,3262		52,29		
224,00	-0,1751		52,36		
225,00	-0,7430		51,90		
226,00	-0,0553		51,50		
227,00	0,1866		51,57		
228,00	-0,0019		51,66		
229,00	-0,5503		51,39		
230,00	-0,5500		50,84		
231,00	0,0531		50,59		
232,00	0,1074		50,67		
233,00	-0,2510		50,60		
234,00	0,0971		50,52		
235,00	0,2688		50,70		
236,00	0,1435		50,91		
237,00	0,1393		51,05		
238,00	-0,0982		51,07		
239,00	-0,1585		50,94		
240,00	-0,1053		50,81		
241,00	0,1171		50,82		
242,00	-0,7805		50,48		
243,00	-0,1187		50,03		
244,00	0,3827		50,17		
245,00	-0,2896		50,21		
246,00	-0,1230		50,01		
247,00	-0,3423		49,77		
248,00	-0,1288		49,54		
249,00	-0,0787		49,43		
250,00	-0,1354		49,33		
251,00	-0,2926		49,11		
252,00	-0,1939		48,87		
253,00	0,0103		48,78		
254,00	-0,3977		48,58		
255,00	0,8397		48,81		
256,00	0,2439		49,35		
257,00	-1,1217		48,91		
258,00	-0,1636		48,27		
259,00	-0,2126		48,08		
260,00	-0,0292		47,96		
261,00	0,0171		47,95		
262,00	-0,3649		47,78		
263,00	-0,0904		47,55		
264,00	-0,1808		47,41		
265,00	-0,5014		47,07		
266,00	-0,2293		46,71		
267,00	-0,2286		46,48		
268,00	-0,2758		46,23		
269,00	-0,1462		46,02		
270,00	-0,1502		45,87		
271,00	-0,0719		45,76		
272,00	-0,5227		45,46		
273,00	-0,5245		44,93		
274,00	-0,1907		44,58		
275,00	-0,3903		44,29		
276,00	-0,2327		43,98		
277,00	-0,1559		43,78		
278,00	-0,3079		43,55		
279,00	-0,2709		43,26		
280,00	-0,3036		42,97		
281,00	-0,3392		42,65		
282,00	-0,1252		42,42		
283,00	-0,1608		42,28		
284,00	-0,1997		42,10		
285,00	-0,1663		41,91		
286,00	-0,3003		41,68		
287,00	-0,3309		41,36		
288,00	-0,2945		41,05		
289,00	-0,2293		40,79		
290,00	-0,4089		40,47		
291,00	-0,2585		40,14		
292,00	-0,0134		40,00		
293,00	-0,2254		39,88		
294,00	-0,2540		39,64		
295,00	-0,2510		39,39		
296,00	-0,2765		39,13		
297,00	-0,2458		38,86		
298,00	-0,1393		38,67		
299,00	-0,1145		38,54		
300,00	-0,2692		38,35		
301,00	-0,1939		38,12		
302,00	-0,1170		37,97		
303,00	-0,2404		37,79		
304,00	-0,2832		37,53		
305,00	-0,2114		37,28		
306,00	-0,1633		37,09		
307,00	-0,2279		36,90		
308,00	-0,2048		36,68		
309,00	-0,1404		36,51		
310,00	-0,1607		36,36		
311,00	-0,1812		36,18		
312,00	-0,1593		36,01		
313,00	-0,2150		35,83		
314,00	-0,3046		35,57		
315,00	-0,2251		35,30		
316,00	-0,1120		35,13		
317,00	-0,1136		35,02		
318,00	-0,1972		34,87		
319,00	-0,6977		34,42		
320,00	-0,2363		33,95		
321,00	0,2578		33,96		
322,00	-0,1776		34,00		
323,00	-0,1598		33,83		
324,00	-0,1112		33,70		
325,00	-0,2087		33,54		
326,00	-0,2189		33,32		
327,00	-0,1682		33,13		
328,00	-0,1380		32,98		
329,00	-0,0827		32,87		
330,00	-0,0820		32,78		
331,00	-0,1286		32,68		
332,00	-0,1375		32,55		
333,00	-0,0860		32,43		
334,00	-0,1406		32,32		
335,00	-0,1262		32,19		
336,00	-0,0965		32,08		
337,00	-0,1265		31,97		
338,00	-0,0902		31,86		
339,00	-0,1061		31,76		
340,00	-0,1021		31,65		
341,00	-0,0867		31,56		
342,00	-0,1018		31,47		
343,00	-0,0595		31,39		
344,00	-0,0725		31,32		
345,00	-0,0606		31,25		
346,00	-0,1175		31,16		
347,00	-0,0872		31,06		
348,00	-0,0104		31,01		
349,00	-0,0598		30,98		
350,00	-0,0457		30,92		
351,00	-0,0741		30,86		
352,00	0,0125		30,83		
353,00	-0,0155		30,83		
354,00	-0,0687		30,79		
355,00	-0,0070		30,75		
356,00	-0,0024		30,75		
357,00	-0,0451		30,72		
358,00	-0,0330		30,69		
359,00	0,0189		30,68		
360,00	0,0000		30,69		
