Volumen	P_ZYL1	P_ZYL2	
cm3	bar		
36,32	1,062		
36,34	1,048		
36,41	1,020		
36,53	0,977		
36,70	0,970		
36,92	0,941		
37,18	0,920		
37,49	0,941		
37,85	0,913		
38,25	0,920		
38,71	0,898		
39,20	0,884		
39,75	0,863		
40,34	0,849		
40,98	0,884		
41,66	0,884		
42,39	0,891		
43,17	0,834		
43,99	0,834		
44,85	0,827		
45,75	0,827		
46,70	0,849		
47,70	0,820		
48,73	0,841		
49,81	0,827		
50,92	0,834		
52,08	0,799		
53,28	0,827		
54,52	0,806		
55,80	0,806		
57,11	0,827		
58,46	0,799		
59,85	0,806		
61,28	0,792		
62,74	0,827		
64,24	0,849		
65,77	0,820		
67,33	0,806		
68,93	0,849		
70,56	0,841		
72,22	0,849		
73,91	0,820		
75,63	0,820		
77,38	0,834		
79,15	0,827		
80,95	0,813		
82,78	0,813		
84,64	0,813		
86,52	0,834		
88,42	0,820		
90,34	0,820		
92,29	0,820		
94,26	0,770		
96,24	0,820		
98,25	0,749		
100,28	0,756		
102,32	0,792		
104,37	0,742		
106,45	0,763		
108,54	0,777		
110,64	0,784		
112,75	0,784		
114,87	0,792		
117,01	0,806		
119,16	0,806		
121,31	0,777		
123,47	0,770		
125,64	0,770		
127,82	0,770		
130,00	0,770		
132,18	0,777		
134,37	0,799		
136,56	0,777		
138,75	0,792		
140,95	0,770		
143,14	0,784		
145,33	0,777		
147,52	0,756		
149,71	0,742		
151,90	0,742		
154,08	0,742		
156,25	0,742		
158,42	0,906		
160,58	0,777		
162,74	0,784		
164,89	0,763		
167,03	0,806		
169,16	0,770		
171,28	0,806		
173,39	0,756		
175,48	0,770		
177,57	0,770		
179,64	0,770		
181,70	0,770		
183,75	0,770		
185,78	0,777		
187,80	0,763		
189,80	0,777		
191,78	0,735		
193,75	0,720		
195,70	0,713		
197,63	0,706		
199,55	0,706		
201,44	0,699		
203,32	0,699		
205,18	0,713		
207,01	0,742		
208,83	0,713		
210,63	0,727		
212,41	0,706		
214,16	0,720		
215,89	0,749		
217,61	0,699		
219,30	0,720		
220,96	0,706		
222,61	0,742		
224,23	0,713		
225,83	0,720		
227,40	0,742		
228,95	0,706		
230,48	0,735		
231,99	0,735		
233,46	0,735		
234,92	0,742		
236,35	0,699		
237,76	0,720		
239,14	0,699		
240,49	0,720		
241,83	0,735		
243,13	0,720		
244,41	0,735		
245,67	0,749		
246,90	0,749		
248,11	0,763		
249,29	0,756		
250,44	0,763		
251,57	0,742		
252,67	0,749		
253,75	0,742		
254,80	0,742		
255,83	0,763		
256,83	0,756		
257,81	0,763		
258,76	0,770		
259,68	0,763		
260,58	0,777		
261,45	0,742		
262,30	0,656		
263,12	0,713		
263,92	0,699		
264,69	0,735		
265,43	0,713		
266,15	0,727		
266,85	0,735		
267,52	0,720		
268,16	0,727		
268,78	0,713		
269,37	0,735		
269,93	0,749		
270,47	0,720		
270,99	0,735		
271,48	0,727		
271,94	0,756		
272,38	0,735		
272,80	0,735		
273,19	0,749		
273,55	0,720		
273,89	0,749		
274,20	0,742		
274,49	0,720		
274,76	0,756		
274,99	0,713		
275,21	0,713		
275,39	0,699		
275,56	0,713		
275,69	0,756		
275,81	0,735		
275,90	0,727		
275,96	0,742		
276,00	0,742		
276,01	0,763		
276,00	0,792		
275,96	0,756		
275,90	0,770		
275,81	0,777		
275,69	0,727		
275,56	0,784		
275,39	0,792		
275,21	0,770		
274,99	0,770		
274,76	0,799		
274,49	0,784		
274,20	0,763		
273,89	0,806		
273,55	0,777		
273,19	0,692		
272,80	0,720		
272,38	0,720		
271,94	0,706		
271,48	0,706		
270,99	0,706		
270,47	0,735		
269,93	0,742		
269,37	0,763		
268,78	0,763		
268,16	0,784		
267,52	0,792		
266,85	0,784		
266,15	0,784		
265,43	0,784		
264,69	0,784		
263,92	0,770		
263,12	0,792		
262,30	0,792		
261,45	0,792		
260,58	0,777		
259,68	0,813		
258,76	0,799		
257,81	0,792		
256,83	0,792		
255,83	0,770		
254,80	0,770		
253,75	0,756		
252,67	0,792		
251,57	0,777		
250,44	0,806		
249,29	0,813		
248,11	0,870		
246,90	0,849		
245,67	0,849		
244,41	0,884		
243,13	0,906		
241,83	0,906		
240,49	0,849		
239,14	0,898		
237,76	0,891		
236,35	0,920		
234,92	0,891		
233,46	0,906		
231,99	0,877		
230,48	0,891		
228,95	0,913		
227,40	1,048		
225,83	0,849		
224,23	0,906		
222,61	0,884		
220,96	0,913		
219,30	0,948		
217,61	0,948		
215,89	0,984		
214,16	0,977		
212,41	0,998		
210,63	0,991		
208,83	1,020		
207,01	1,020		
205,18	1,041		
203,32	1,041		
201,44	1,077		
199,55	1,091		
197,63	1,119		
195,70	1,091		
193,75	1,112		
191,78	1,127		
189,80	1,219		
187,80	1,184		
185,78	1,212		
183,75	1,219		
181,70	1,205		
179,64	1,198		
177,57	1,205		
175,48	1,241		
173,39	1,298		
171,28	1,319		
169,16	1,319		
167,03	1,362		
164,89	1,383		
162,74	1,440		
160,58	1,433		
158,42	1,469		
156,25	1,504		
154,08	1,519		
151,90	1,561		
149,71	1,568		
147,52	1,597		
145,33	1,633		
143,14	1,647		
140,95	1,661		
138,75	1,718		
136,56	1,789		
134,37	1,804		
132,18	1,846		
130,00	1,889		
127,82	1,925		
125,64	1,939		
123,47	1,975		
121,31	2,032		
119,16	2,074		
117,01	2,117		
114,87	2,203		
112,75	2,274		
110,64	2,310		
108,54	2,388		
106,45	2,438		
104,37	2,509		
102,32	2,580		
100,28	2,637		
98,25	2,737		
96,24	2,808		
94,26	2,880		
92,29	2,965		
90,34	3,058		
88,42	3,115		
86,52	3,229		
84,64	3,314		
82,78	3,443		
80,95	3,514		
79,15	3,657		
77,38	3,749		
75,63	3,870		
73,91	4,027		
72,22	4,141		
70,56	4,248		
68,93	4,362		
67,33	4,569		
65,77	4,811		
64,24	4,875		
62,74	5,032		
61,28	5,196		
59,85	5,417		
58,46	5,574		
57,11	5,709		
55,80	5,902		
54,52	6,130		
53,28	6,336		
52,08	6,543		
50,92	6,714		
49,81	6,899		
48,73	7,113		
47,70	7,327		
46,70	7,555		
45,75	7,804		
44,85	7,983		
43,99	8,204		
43,17	8,424		
42,39	8,667		
41,66	8,909		
40,98	9,180		
40,34	9,379		
39,75	9,629		
39,20	9,878		
38,71	10,114		
38,25	10,370		
37,85	10,627		
37,49	10,876		
37,18	11,147		
36,92	11,375		
36,70	11,632		
36,53	11,895		
36,41	12,152		
36,34	12,408		
36,32	12,686		
36,34	12,950		
36,41	13,249		
36,53	13,577		
36,70	13,869		
36,92	14,190		
37,18	14,504		
37,49	14,774		
37,85	15,038		
38,25	15,309		
38,71	15,651		
39,20	15,943		
39,75	16,314		
40,34	16,613		
40,98	16,934		
41,66	17,255		
42,39	17,582		
43,17	17,825		
43,99	18,110		
44,85	18,331		
45,75	18,509		
46,70	18,687		
47,70	18,844		
48,73	18,937		
49,81	19,058		
50,92	19,136		
52,08	19,179		
53,28	19,250		
54,52	19,250		
55,80	19,158		
57,11	19,100		
58,46	18,944		
59,85	18,744		
61,28	18,537		
62,74	18,252		
64,24	17,946		
65,77	17,604		
67,33	17,255		
68,93	16,905		
70,56	16,535		
72,22	16,157		
73,91	15,765		
75,63	15,359		
77,38	14,995		
79,15	14,589		
80,95	14,190		
82,78	13,855		
84,64	13,456		
86,52	13,093		
88,42	12,750		
90,34	12,394		
92,29	12,073		
94,26	11,753		
96,24	11,446		
98,25	11,133		
100,28	10,862		
102,32	10,591		
104,37	10,313		
106,45	10,035		
108,54	9,771		
110,64	9,586		
112,75	9,351		
114,87	9,123		
117,01	8,916		
119,16	8,674		
121,31	8,496		
123,47	8,289		
125,64	8,111		
127,82	7,918		
130,00	7,726		
132,18	7,583		
134,37	7,405		
136,56	7,220		
138,75	7,106		
140,95	6,921		
143,14	6,785		
145,33	6,600		
147,52	6,500		
149,71	6,379		
151,90	6,251		
154,08	6,137		
156,25	6,037		
158,42	5,930		
160,58	5,802		
162,74	5,723		
164,89	5,616		
167,03	5,524		
169,16	5,431		
171,28	5,346		
173,39	5,239		
175,48	5,160		
177,57	5,082		
179,64	5,011		
181,70	4,939		
183,75	4,861		
185,78	4,797		
187,80	4,690		
189,80	4,633		
191,78	4,547		
193,75	4,526		
195,70	4,441		
197,63	4,398		
199,55	4,305		
201,44	4,269		
203,32	4,227		
205,18	4,191		
207,01	4,127		
208,83	4,084		
210,63	4,084		
212,41	4,006		
214,16	3,963		
215,89	3,899		
217,61	3,870		
219,30	3,828		
220,96	3,785		
222,61	3,735		
224,23	3,685		
225,83	3,649		
227,40	3,628		
228,95	3,578		
230,48	3,528		
231,99	3,528		
233,46	3,478		
234,92	3,436		
236,35	3,329		
237,76	3,357		
239,14	3,314		
240,49	3,286		
241,83	3,265		
243,13	3,257		
244,41	3,222		
245,67	3,193		
246,90	3,158		
248,11	3,136		
249,29	3,108		
250,44	3,072		
251,57	3,029		
252,67	3,022		
253,75	3,015		
254,80	2,980		
255,83	2,965		
256,83	2,922		
257,81	2,922		
258,76	2,865		
259,68	2,837		
260,58	2,801		
261,45	2,780		
262,30	2,759		
263,12	2,709		
263,92	2,694		
264,69	2,666		
265,43	2,652		
266,15	2,645		
266,85	2,588		
267,52	2,516		
268,16	2,516		
268,78	2,588		
269,37	2,459		
269,93	2,409		
270,47	2,388		
270,99	2,359		
271,48	2,302		
271,94	2,295		
272,38	2,238		
272,80	2,217		
273,19	2,181		
273,55	2,139		
273,89	2,060		
274,20	2,032		
274,49	1,989		
274,76	1,939		
274,99	1,932		
275,21	1,690		
275,39	1,861		
275,56	1,761		
275,69	1,782		
275,81	1,739		
275,90	1,697		
275,96	1,618		
276,00	1,604		
276,01	1,540		
276,00	1,533		
275,96	1,447		
275,90	1,461		
275,81	1,397		
275,69	1,390		
275,56	1,355		
275,39	1,362		
275,21	1,312		
274,99	1,290		
274,76	1,248		
274,49	1,226		
274,20	1,162		
273,89	1,176		
273,55	1,155		
273,19	1,112		
272,80	1,127		
272,38	1,112		
271,94	1,112		
271,48	1,112		
270,99	1,091		
270,47	1,077		
269,93	1,055		
269,37	1,048		
268,78	1,048		
268,16	1,062		
267,52	1,020		
266,85	1,041		
266,15	1,041		
265,43	1,012		
264,69	1,027		
263,92	1,012		
263,12	0,998		
262,30	0,998		
261,45	0,991		
260,58	1,005		
259,68	0,991		
258,76	1,027		
257,81	1,005		
256,83	0,998		
255,83	1,005		
254,80	0,963		
253,75	1,012		
252,67	0,977		
251,57	1,005		
250,44	1,005		
249,29	1,020		
248,11	1,005		
246,90	0,984		
245,67	1,012		
244,41	1,048		
243,13	1,055		
241,83	1,041		
240,49	0,998		
239,14	1,041		
237,76	1,062		
236,35	1,027		
234,92	1,020		
233,46	1,034		
231,99	1,091		
230,48	1,048		
228,95	1,062		
227,40	1,055		
225,83	1,041		
224,23	1,070		
222,61	1,077		
220,96	1,077		
219,30	1,084		
217,61	1,077		
215,89	1,112		
214,16	1,077		
212,41	1,098		
210,63	1,077		
208,83	1,176		
207,01	1,162		
205,18	1,162		
203,32	1,162		
201,44	1,176		
199,55	1,184		
197,63	1,169		
195,70	1,191		
193,75	1,148		
191,78	1,134		
189,80	1,148		
187,80	1,141		
185,78	1,141		
183,75	1,127		
181,70	1,148		
179,64	1,148		
177,57	1,091		
175,48	1,162		
173,39	1,134		
171,28	1,127		
169,16	1,134		
167,03	1,119		
164,89	1,134		
162,74	1,112		
160,58	1,141		
158,42	1,148		
156,25	1,127		
154,08	1,155		
151,90	1,148		
149,71	1,134		
147,52	1,155		
145,33	1,155		
143,14	1,105		
140,95	1,119		
138,75	1,112		
136,56	1,105		
134,37	1,105		
132,18	1,098		
130,00	1,112		
127,82	1,105		
125,64	1,119		
123,47	1,148		
121,31	1,127		
119,16	1,134		
117,01	1,119		
114,87	1,105		
112,75	1,105		
110,64	1,105		
108,54	1,155		
106,45	1,127		
104,37	1,134		
102,32	1,127		
100,28	1,134		
98,25	1,127		
96,24	1,134		
94,26	1,141		
92,29	1,119		
90,34	1,127		
88,42	1,134		
86,52	1,134		
84,64	1,098		
82,78	1,098		
80,95	1,112		
79,15	1,098		
77,38	1,134		
75,63	1,127		
73,91	1,105		
72,22	1,084		
70,56	1,077		
68,93	1,105		
67,33	1,134		
65,77	1,119		
64,24	1,084		
62,74	1,077		
61,28	1,098		
59,85	1,098		
58,46	1,119		
57,11	1,119		
55,80	1,091		
54,52	1,055		
53,28	1,070		
52,08	0,977		
50,92	1,112		
49,81	1,098		
48,73	1,105		
47,70	1,070		
46,70	1,084		
45,75	1,070		
44,85	1,070		
43,99	1,091		
43,17	1,105		
42,39	1,098		
41,66	1,077		
40,98	1,091		
40,34	1,084		
39,75	1,098		
39,20	1,048		
38,71	1,098		
38,25	1,098		
37,85	1,084		
37,49	1,105		
37,18	1,070		
36,92	1,084		
36,70	1,070		
36,53	1,084		
36,41	1,055		
36,34	1,034		
