Kurbelwinkel	P_ZYL1	Pcomp1	
Grad	bar	bar	
-360	1,062		
-359	1,048		
-358	1,020		
-357	0,977		
-356	0,970		
-355	0,941		
-354	0,920		
-353	0,941		
-352	0,913		
-351	0,920		
-350	0,898		
-349	0,884		
-348	0,863		
-347	0,849		
-346	0,884		
-345	0,884		
-344	0,891		
-343	0,834		
-342	0,834		
-341	0,827		
-340	0,827		
-339	0,849		
-338	0,820		
-337	0,841		
-336	0,827		
-335	0,834		
-334	0,799		
-333	0,827		
-332	0,806		
-331	0,806		
-330	0,827		
-329	0,799		
-328	0,806		
-327	0,792		
-326	0,827		
-325	0,849		
-324	0,820		
-323	0,806		
-322	0,849		
-321	0,841		
-320	0,849		
-319	0,820		
-318	0,820		
-317	0,834		
-316	0,827		
-315	0,813		
-314	0,813		
-313	0,813		
-312	0,834		
-311	0,820		
-310	0,820		
-309	0,820		
-308	0,770		
-307	0,820		
-306	0,749		
-305	0,756		
-304	0,792		
-303	0,742		
-302	0,763		
-301	0,777		
-300	0,784		
-299	0,784		
-298	0,792		
-297	0,806		
-296	0,806		
-295	0,777		
-294	0,770		
-293	0,770		
-292	0,770		
-291	0,770		
-290	0,777		
-289	0,799		
-288	0,777		
-287	0,792		
-286	0,770		
-285	0,784		
-284	0,777		
-283	0,756		
-282	0,742		
-281	0,742		
-280	0,742		
-279	0,742		
-278	0,906		
-277	0,777		
-276	0,784		
-275	0,763		
-274	0,806		
-273	0,770		
-272	0,806		
-271	0,756		
-270	0,770		
-269	0,770		
-268	0,770		
-267	0,770		
-266	0,770		
-265	0,777		
-264	0,763		
-263	0,777		
-262	0,735		
-261	0,720		
-260	0,713		
-259	0,706		
-258	0,706		
-257	0,699		
-256	0,699		
-255	0,713		
-254	0,742		
-253	0,713		
-252	0,727		
-251	0,706		
-250	0,720		
-249	0,749		
-248	0,699		
-247	0,720		
-246	0,706		
-245	0,742		
-244	0,713		
-243	0,720		
-242	0,742		
-241	0,706		
-240	0,735		
-239	0,735		
-238	0,735		
-237	0,742		
-236	0,699		
-235	0,720		
-234	0,699		
-233	0,720		
-232	0,735		
-231	0,720		
-230	0,735		
-229	0,749		
-228	0,749		
-227	0,763		
-226	0,756		
-225	0,763		
-224	0,742		
-223	0,749		
-222	0,742		
-221	0,742		
-220	0,763		
-219	0,756		
-218	0,763		
-217	0,770		
-216	0,763		
-215	0,777		
-214	0,742		
-213	0,656		
-212	0,713		
-211	0,699		
-210	0,735		
-209	0,713		
-208	0,727		
-207	0,735		
-206	0,720		
-205	0,727		
-204	0,713		
-203	0,735		
-202	0,749		
-201	0,720		
-200	0,735		
-199	0,727		
-198	0,756		
-197	0,735		
-196	0,735		
-195	0,749		
-194	0,720		
-193	0,749		
-192	0,742		
-191	0,720		
-190	0,756		
-189	0,713		
-188	0,713		
-187	0,699		
-186	0,713		
-185	0,756		
-184	0,735		
-183	0,727		
-182	0,742		
-181	0,742		
-180	0,763	0,763	
-179	0,792	0,792	
-178	0,756	0,756	
-177	0,770	0,770	
-176	0,777	0,777	
-175	0,727	0,727	
-174	0,784	0,784	
-173	0,792	0,792	
-172	0,770	0,770	
-171	0,770	0,770	
-170	0,799	0,799	
-169	0,784	0,784	
-168	0,763	0,763	
-167	0,806	0,806	
-166	0,777	0,777	
-165	0,692	0,692	
-164	0,720	0,720	
-163	0,720	0,720	
-162	0,706	0,706	
-161	0,706	0,706	
-160	0,706	0,706	
-159	0,735	0,735	
-158	0,742	0,742	
-157	0,763	0,763	
-156	0,763	0,763	
-155	0,784	0,784	
-154	0,792	0,792	
-153	0,784	0,784	
-152	0,784	0,784	
-151	0,784	0,784	
-150	0,784	0,784	
-149	0,770	0,770	
-148	0,792	0,792	
-147	0,792	0,792	
-146	0,792	0,792	
-145	0,777	0,777	
-144	0,813	0,813	
-143	0,799	0,799	
-142	0,792	0,792	
-141	0,792	0,792	
-140	0,770	0,770	
-139	0,770	0,770	
-138	0,756	0,756	
-137	0,792	0,792	
-136	0,777	0,777	
-135	0,806	0,806	
-134	0,813	0,813	
-133	0,870	0,870	
-132	0,849	0,849	
-131	0,849	0,849	
-130	0,884	0,884	
-129	0,906	0,906	
-128	0,906	0,906	
-127	0,849	0,849	
-126	0,898	0,898	
-125	0,891	0,891	
-124	0,920	0,920	
-123	0,891	0,891	
-122	0,906	0,906	
-121	0,877	0,877	
-120	0,891	0,891	
-119	0,913	0,913	
-118	1,048	1,048	
-117	0,849	0,849	
-116	0,906	0,906	
-115	0,884	0,884	
-114	0,913	0,913	
-113	0,948	0,948	
-112	0,948	0,948	
-111	0,984	0,984	
-110	0,977	0,977	
-109	0,998	0,998	
-108	0,991	0,991	
-107	1,020	1,020	
-106	1,020	1,020	
-105	1,041	1,041	
-104	1,041	1,041	
-103	1,077	1,077	
-102	1,091	1,091	
-101	1,119	1,119	
-100	1,091	1,091	
-99	1,112	1,112	
-98	1,127	1,127	
-97	1,219	1,219	
-96	1,184	1,184	
-95	1,212	1,212	
-94	1,219	1,219	
-93	1,205	1,205	
-92	1,198	1,198	
-91	1,205	1,205	
-90	1,241	1,241	
-89	1,298	1,298	
-88	1,319	1,319	
-87	1,319	1,319	
-86	1,362	1,362	
-85	1,383	1,383	
-84	1,440	1,440	
-83	1,433	1,433	
-82	1,469	1,469	
-81	1,504	1,504	
-80	1,519	1,519	
-79	1,561	1,561	
-78	1,568	1,568	
-77	1,597	1,597	
-76	1,633	1,633	
-75	1,647	1,647	
-74	1,661	1,661	
-73	1,718	1,718	
-72	1,789	1,789	
-71	1,804	1,804	
-70	1,846	1,846	
-69	1,889	1,889	
-68	1,925	1,925	
-67	1,939	1,939	
-66	1,975	1,975	
-65	2,032	2,032	
-64	2,074	2,074	
-63	2,117	2,117	
-62	2,203	2,203	
-61	2,274	2,274	
-60	2,310	2,310	
-59	2,388	2,388	
-58	2,438	2,438	
-57	2,509	2,509	
-56	2,580	2,580	
-55	2,637	2,637	
-54	2,737	2,737	
-53	2,808	2,808	
-52	2,880	2,880	
-51	2,965	2,965	
-50	3,058	3,058	
-49	3,115	3,115	
-48	3,229	3,229	
-47	3,314	3,314	
-46	3,443	3,443	
-45	3,514	3,514	
-44	3,657	3,657	
-43	3,749	3,749	
-42	3,870	3,870	
-41	4,027	4,027	
-40	4,141	4,141	
-39	4,248	4,248	
-38	4,362	4,362	
-37	4,569	4,569	
-36	4,811	4,811	
-35	4,875	4,875	
-34	5,032	5,032	
-33	5,196	5,196	
-32	5,417	5,417	
-31	5,574	5,574	
-30	5,709	5,709	
-29	5,902	5,902	
-28	6,130	6,130	
-27	6,336	6,336	
-26	6,543	6,543	
-25	6,714	6,714	
-24	6,899	6,899	
-23	7,113	7,113	
-22	7,327	7,327	
-21	7,555	7,555	
-20	7,804	7,763	
-19	7,983	7,970	
-18	8,204	8,177	
-17	8,424	8,382	
-16	8,667	8,585	
-15	8,909	8,784	
-14	9,180	8,978	
-13	9,379	9,166	
-12	9,629	9,346	
-11	9,878	9,518	
-10	10,114	9,681	
-9	10,370	9,832	
-8	10,627	9,971	
-7	10,876	10,097	
-6	11,147	10,209	
-5	11,375	10,305	
-4	11,632	10,385	
-3	11,895	10,448	
-2	12,152	10,493	
-1	12,408	10,521	
0	12,686	10,530	
1	12,950	10,521	
2	13,249	10,493	
3	13,577	10,448	
4	13,869	10,385	
5	14,190	10,305	
6	14,504	10,209	
7	14,774	10,097	
8	15,038	9,971	
9	15,309	9,832	
10	15,651	9,681	
11	15,943	9,518	
12	16,314	9,346	
13	16,613	9,166	
14	16,934	8,978	
15	17,255	8,784	
16	17,582	8,585	
17	17,825	8,382	
18	18,110	8,177	
19	18,331	7,970	
20	18,509	7,763	
21	18,687	7,555	
22	18,844	7,348	
23	18,937	7,143	
24	19,058	6,940	
25	19,136	6,740	
26	19,179	6,542	
27	19,250	6,349	
28	19,250	6,159	
29	19,158	5,974	
30	19,100	5,793	
31	18,944	5,617	
32	18,744	5,445	
33	18,537	5,279	
34	18,252	5,117	
35	17,946	4,960	
36	17,604	4,808	
37	17,255	4,661	
38	16,905	4,519	
39	16,535	4,382	
40	16,157	4,250	
41	15,765	4,122	
42	15,359	3,999	
43	14,995	3,880	
44	14,589	3,765	
45	14,190	3,655	
46	13,855	3,549	
47	13,456	3,447	
48	13,093	3,348	
49	12,750	3,253	
50	12,394	3,162	
51	12,073	3,074	
52	11,753	2,990	
53	11,446	2,909	
54	11,133	2,831	
55	10,862	2,755	
56	10,591	2,683	
57	10,313	2,614	
58	10,035	2,547	
59	9,771	2,482	
60	9,586	2,420	
61	9,351	2,360	
62	9,123	2,303	
63	8,916	2,248	
64	8,674	2,194	
65	8,496	2,143	
66	8,289	2,094	
67	8,111	2,046	
68	7,918	2,000	
69	7,726	1,956	
70	7,583	1,913	
71	7,405	1,872	
72	7,220	1,833	
73	7,106	1,795	
74	6,921	1,758	
75	6,785	1,723	
76	6,600	1,688	
77	6,500	1,655	
78	6,379	1,623	
79	6,251	1,593	
80	6,137	1,563	
81	6,037	1,534	
82	5,930	1,507	
83	5,802	1,480	
84	5,723	1,454	
85	5,616	1,429	
86	5,524	1,405	
87	5,431	1,382	
88	5,346	1,359	
89	5,239	1,337	
90	5,160	1,316	
91	5,082	1,296	
92	5,011	1,276	
93	4,939	1,257	
94	4,861	1,239	
95	4,797	1,221	
96	4,690	1,204	
97	4,633	1,187	
98	4,547	1,171	
99	4,526	1,155	
100	4,441	1,140	
101	4,398	1,125	
102	4,305	1,111	
103	4,269	1,097	
104	4,227	1,084	
105	4,191	1,071	
106	4,127	1,058	
107	4,084	1,046	
108	4,084	1,034	
109	4,006	1,023	
110	3,963	1,012	
111	3,899	1,001	
112	3,870	0,991	
113	3,828	0,981	
114	3,785	0,971	
115	3,735	0,962	
116	3,685	0,952	
117	3,649	0,944	
118	3,628	0,935	
119	3,578	0,927	
120	3,528	0,919	
121	3,528	0,911	
122	3,478	0,903	
123	3,436	0,896	
124	3,329	0,889	
125	3,357	0,882	
126	3,314	0,875	
127	3,286	0,868	
128	3,265	0,862	
129	3,257	0,856	
130	3,222	0,850	
131	3,193	0,844	
132	3,158	0,839	
133	3,136	0,833	
134	3,108	0,828	
135	3,072	0,823	
136	3,029	0,818	
137	3,022	0,814	
138	3,015	0,809	
139	2,980	0,805	
140	2,965	0,800	
141	2,922	0,796	
142	2,922	0,792	
143	2,865	0,788	
144	2,837	0,785	
145	2,801	0,781	
146	2,780	0,778	
147	2,759	0,774	
148	2,709	0,771	
149	2,694	0,768	
150	2,666	0,765	
151	2,652	0,762	
152	2,645	0,760	
153	2,588	0,757	
154	2,516	0,755	
155	2,516	0,752	
156	2,588	0,750	
157	2,459	0,748	
158	2,409	0,746	
159	2,388	0,744	
160	2,359	0,742	
161	2,302	0,740	
162	2,295	0,738	
163	2,238	0,737	
164	2,217	0,735	
165	2,181	0,734	
166	2,139	0,733	
167	2,060	0,731	
168	2,032	0,730	
169	1,989	0,729	
170	1,939	0,728	
171	1,932	0,728	
172	1,690	0,727	
173	1,861	0,726	
174	1,761	0,726	
175	1,782	0,725	
176	1,739	0,725	
177	1,697	0,724	
178	1,618	0,724	
179	1,604	0,724	
180	1,540	0,724	
181	1,533		
182	1,447		
183	1,461		
184	1,397		
185	1,390		
186	1,355		
187	1,362		
188	1,312		
189	1,290		
190	1,248		
191	1,226		
192	1,162		
193	1,176		
194	1,155		
195	1,112		
196	1,127		
197	1,112		
198	1,112		
199	1,112		
200	1,091		
201	1,077		
202	1,055		
203	1,048		
204	1,048		
205	1,062		
206	1,020		
207	1,041		
208	1,041		
209	1,012		
210	1,027		
211	1,012		
212	0,998		
213	0,998		
214	0,991		
215	1,005		
216	0,991		
217	1,027		
218	1,005		
219	0,998		
220	1,005		
221	0,963		
222	1,012		
223	0,977		
224	1,005		
225	1,005		
226	1,020		
227	1,005		
228	0,984		
229	1,012		
230	1,048		
231	1,055		
232	1,041		
233	0,998		
234	1,041		
235	1,062		
236	1,027		
237	1,020		
238	1,034		
239	1,091		
240	1,048		
241	1,062		
242	1,055		
243	1,041		
244	1,070		
245	1,077		
246	1,077		
247	1,084		
248	1,077		
249	1,112		
250	1,077		
251	1,098		
252	1,077		
253	1,176		
254	1,162		
255	1,162		
256	1,162		
257	1,176		
258	1,184		
259	1,169		
260	1,191		
261	1,148		
262	1,134		
263	1,148		
264	1,141		
265	1,141		
266	1,127		
267	1,148		
268	1,148		
269	1,091		
270	1,162		
271	1,134		
272	1,127		
273	1,134		
274	1,119		
275	1,134		
276	1,112		
277	1,141		
278	1,148		
279	1,127		
280	1,155		
281	1,148		
282	1,134		
283	1,155		
284	1,155		
285	1,105		
286	1,119		
287	1,112		
288	1,105		
289	1,105		
290	1,098		
291	1,112		
292	1,105		
293	1,119		
294	1,148		
295	1,127		
296	1,134		
297	1,119		
298	1,105		
299	1,105		
300	1,105		
301	1,155		
302	1,127		
303	1,134		
304	1,127		
305	1,134		
306	1,127		
307	1,134		
308	1,141		
309	1,119		
310	1,127		
311	1,134		
312	1,134		
313	1,098		
314	1,098		
315	1,112		
316	1,098		
317	1,134		
318	1,127		
319	1,105		
320	1,084		
321	1,077		
322	1,105		
323	1,134		
324	1,119		
325	1,084		
326	1,077		
327	1,098		
328	1,098		
329	1,119		
330	1,119		
331	1,091		
332	1,055		
333	1,070		
334	0,977		
335	1,112		
336	1,098		
337	1,105		
338	1,070		
339	1,084		
340	1,070		
341	1,070		
342	1,091		
343	1,105		
344	1,098		
345	1,077		
346	1,091		
347	1,084		
348	1,098		
349	1,048		
350	1,098		
351	1,098		
352	1,084		
353	1,105		
354	1,070		
355	1,084		
356	1,070		
357	1,084		
358	1,055		
359	1,034		
